2.575000000000000000e+01 3.046428571428571530e+01 5.607142857142856940e+01
5.547457627118644297e+01 3.115254237288135641e+01 2.167796610169491700e+01
1.091366906474820127e+02 8.991366906474820553e+01 8.241007194244603795e+01
1.689347826086956559e+02 1.404347826086956559e+02 1.098369565217391255e+02
2.023809523809523836e-01 8.741666666666667140e+01 1.671071428571428612e+02
3.966666666666666430e+01 2.073333333333333428e+02 1.033333333333333393e+01
2.635593220338983045e+01 2.488135593220339103e+01 6.000000000000000000e+00
3.006403940886699644e+01 1.932019704433497509e+01 2.052216748768472954e+01
1.428571428571428492e-01 8.664285714285713880e+01 1.626666666666666572e+02
9.792361111111111427e+01 6.263194444444444287e+01 3.668750000000000000e+01
2.048222222222222229e+02 1.517111111111111086e+02 1.737777777777777644e+01
8.749999999999999445e-02 8.928749999999999432e+01 1.698499999999999943e+02
4.294871794871794601e-01 7.814102564102563520e+01 1.357307692307692264e+02
1.153243243243243228e+02 3.481081081081081408e+01 5.216216216216215784e+00
1.811250000000000000e+02 1.168035714285714306e+02 1.591071428571428648e+01
4.982758620689655515e+01 6.532758620689655515e+01 8.639655172413793593e+01
1.268030303030302974e+02 8.568181818181818699e+01 4.806060606060606233e+01
7.061181434599156148e+01 5.389451476793249185e+01 5.236708860759493689e+01
4.915789473684210265e+01 2.401315789473684248e+01 3.526315789473684070e+00
1.782738095238095184e+02 1.332738095238095184e+02 7.001190476190475920e+01
1.679389312977099258e-01 8.477862595419847480e+01 1.649694656488549640e+02
8.735632183908046411e-01 6.702298850574712219e+01 1.153448275862068897e+02
2.280821917808219013e+01 1.289041095890410915e+01 1.230479452054794542e+01
4.165116279069767558e+01 3.076279069767441854e+01 2.660465116279069875e+01
7.248062015503876410e+01 4.039534883720930480e+01 2.626356589147286869e+01
3.036036036036036112e+00 7.810810810810811233e+01 1.231171171171171181e+02
5.476595744680851396e+01 5.006382978723404165e+01 1.689361702127659726e+01
5.145535714285714590e+01 3.580803571428571530e+01 3.467857142857143060e+01
4.701724137931034164e+01 8.118965517241379359e+01 1.085517241379310320e+02
4.375000000000000000e-01 8.165000000000000568e+01 1.538083333333333371e+02
2.388620689655172384e+02 2.068620689655172384e+02 7.841379310344827047e+01
1.534375000000000000e+02 1.083839285714285694e+02 6.171428571428571530e+01
8.676551724137931387e+01 7.122068965517240713e+01 6.957931034482759003e+01
8.835585585585585022e+01 6.347747747747747837e+01 5.432432432432432279e+01
6.308050847457626986e+01 4.513135593220339103e+01 3.883898305084746028e+01
2.288780487804878021e+02 7.265853658536585158e+01 1.553658536585365901e+01
1.315609756097560989e+01 3.487804878048780477e+00 1.970731707317073145e+00
7.932748538011695416e+01 5.135087719298245901e+01 3.890058479532163460e+01
2.481030927835051614e+02 2.067319587628865918e+02 1.273195876288659711e+01
5.270192307692308020e+01 4.136538461538461320e+01 4.886538461538461320e+01
3.615053763440860024e+01 1.184946236559139798e+01 3.569892473118279508e+00
2.029411764705882320e+02 1.768431372549019613e+02 1.441960784313725412e+02
1.684126984126984183e+01 1.369841269841269771e+01 2.614285714285714235e+01
8.426436781609194782e+01 5.122988505747126453e+01 1.279310344827586121e+01
5.140186915887849928e-01 6.847663551401869597e+01 1.328037383177570234e+02
1.133692307692307679e+02 6.849230769230769056e+01 1.073846153846153761e+01
3.194444444444444198e-01 9.125000000000000000e+01 1.745625000000000000e+02
7.013888888888888395e-01 7.363888888888888573e+01 1.455694444444444571e+02
4.856287425149700354e+00 1.670658682634730496e+00 1.526946107784431073e+00
2.291390728476821081e+01 7.238410596026490396e+00 3.258278145695364447e+00
1.446296296296296369e+01 7.319444444444444642e+00 9.050925925925925597e+00
4.197297297297297547e+01 2.303243243243243299e+01 1.676216216216216282e+01
1.063118811881188179e+02 7.537128712871286496e+01 6.038118811881188464e+01
1.471629629629629505e+02 1.166814814814814838e+02 9.534074074074074190e+01
6.100917431192660612e-01 8.035779816513760920e+01 1.463394495412844094e+02
3.619672131147540739e+01 2.154098360655737565e+01 3.137704918032786949e+01
1.277464788732394396e+02 1.024577464788732328e+02 8.166197183098591950e+01
5.437788018433179493e-01 8.338709677419355160e+01 1.593179723502304057e+02
1.538181818181818130e+02 8.620779220779220964e+01 1.241558441558441572e+01
2.186756756756756772e+02 1.577567567567567437e+02 7.318918918918919303e+01
1.095833333333333393e+01 6.508333333333332860e+01 1.010416666666666714e+02
7.083076923076923492e+01 2.884615384615384670e+01 6.692307692307692513e+00
3.292356687898089262e+01 1.679617834394904463e+01 1.211464968152866284e+01
2.466986301369863099e+02 1.510000000000000000e+02 8.602739726027397893e+00
