1.136133333333333297e+02 1.079733333333333292e+02 7.718666666666666742e+01
6.868627450980392268e+01 6.669607843137255543e+01 5.162745098039215463e+01
1.765098039215686185e+02 1.770980392156862706e+02 1.697450980392156907e+02
2.906930693069307026e+01 2.881188118811881083e+01 1.910891089108910990e+01
2.131999999999999886e+02 2.164857142857142946e+02 2.178571428571428612e+02
1.960746268656716325e+02 2.213731343283582191e+02 2.512014925373134417e+02
1.746250000000000000e+02 2.057142857142857224e+02 2.423571428571428612e+02
6.061111111111111427e+01 5.692361111111111427e+01 4.024305555555555713e+01
1.386732673267326845e+02 1.282871287128712936e+02 1.056435643564356468e+02
1.256265060240963862e+02 1.165301204819277103e+02 6.979518072289157260e+01
2.035875000000000057e+02 2.193750000000000000e+02 2.381500000000000057e+02
7.408333333333332860e+01 6.808333333333332860e+01 3.629629629629629761e+01
2.034014084507042242e+02 2.194859154929577585e+02 2.444577464788732470e+02
2.147241379310344769e+02 2.216206896551724128e+02 2.338793103448275872e+02
1.947037037037036953e+02 2.182098765432098730e+02 2.537901234567901270e+02
2.087299999999999898e+02 2.224300000000000068e+02 2.455600000000000023e+02
1.841744186046511516e+02 2.145581395348837077e+02 2.520813953488372192e+02
1.947010309278350633e+02 1.729690721649484431e+02 1.416804123711340253e+02
4.683898305084746028e+01 4.369491525423728717e+01 2.388983050847457790e+01
2.526666666666666572e+02 1.960000000000000000e+02 1.910000000000000000e+02
1.497462686567164099e+02 1.391641791044776255e+02 9.061194029850746290e+01
2.290266666666666708e+02 2.144933333333333394e+02 1.872933333333333223e+02
2.117500000000000000e+02 1.941562500000000000e+02 1.655312500000000000e+02
1.988790322580645125e+02 2.186854838709677438e+02 2.444274193548387188e+02
2.079873417721518933e+02 2.252151898734177280e+02 2.517088607594936605e+02
1.214883720930232585e+02 9.848837209302325846e+01 6.520930232558139039e+01
1.781875000000000000e+02 1.592410714285714164e+02 1.305446428571428612e+02
1.575116279069767415e+02 1.513255813953488484e+02 1.478604651162790731e+02
1.865882352941176521e+02 2.016470588235294201e+02 2.211764705882353041e+02
1.236056338028168966e+02 1.172394366197183047e+02 1.027183098591549282e+02
1.994102564102564088e+02 1.995641025641025692e+02 1.924871794871794748e+02
1.935370370370370381e+02 2.154074074074074190e+02 2.431296296296296191e+02
9.602985074626865014e+01 8.738805970149253710e+01 4.577611940298507420e+01
2.253333333333333428e+02 2.257777777777777715e+02 2.332716049382715937e+02
1.406461538461538510e+02 1.368615384615384585e+02 1.248923076923076962e+02
1.994805194805194901e+02 2.188311688311688386e+02 2.504025974025973937e+02
5.900000000000000000e+01 5.259574468085106247e+01 2.586170212765957288e+01
7.886301369863014088e+01 7.615068493150684503e+01 6.089041095890411270e+01
9.251456310679611761e+01 8.550485436893204394e+01 5.933980582524272052e+01
2.020697674418604777e+02 2.230116279069767415e+02 2.533604651162790731e+02
9.949253731343283391e+01 9.482089552238805652e+01 8.497014925373134986e+01
8.729487179487179560e+01 8.405128205128205821e+01 7.353846153846153300e+01
1.831588785046728844e+02 2.098598130841121474e+02 2.435233644859813182e+02
1.936355932203389898e+02 2.183644067796610102e+02 2.480423728813559308e+02
2.336250000000000000e+02 8.809375000000000000e+01 8.421875000000000000e+01
2.394117647058823479e+02 2.263529411764705799e+02 2.046176470588235361e+02
1.505833333333333428e+02 3.113333333333333286e+01 3.825000000000000000e+01
1.306883116883116998e+02 1.183116883116883145e+02 8.764935064935065157e+01
2.135076923076923094e+02 2.264461538461538339e+02 2.470923076923076849e+02
1.143414634146341484e+02 1.104146341463414700e+02 6.053658536585366079e+01
2.231372549019607732e+01 2.103921568627450966e+01 1.168627450980392091e+01
2.524615384615384528e+02 2.458461538461538396e+02 2.385384615384615472e+02
1.375636363636363626e+02 1.284545454545454675e+02 7.536363636363635976e+01
1.651428571428571388e+02 1.009285714285714306e+02 8.978571428571429180e+01
1.638899999999999864e+02 1.455800000000000125e+02 1.119300000000000068e+02
3.792561983471074427e+01 3.628099173553719226e+01 2.309917355371900882e+01
4.728089887640449263e+01 4.566292134831460459e+01 3.734831460674157455e+01
1.099444444444444429e+02 1.066805555555555571e+02 9.412500000000000000e+01
1.017865168539325822e+02 9.534831460674156745e+01 6.961797752808988093e+01
1.055806451612903203e+02 9.891397849462364888e+01 5.472043010752688019e+01
0.000000000000000000e+00 0.000000000000000000e+00 0.000000000000000000e+00
1.901102941176470722e+02 2.168161764705882320e+02 2.515441176470588118e+02
2.043333333333333428e+02 2.215034013605442169e+02 2.483945578231292473e+02
8.502500000000000568e+01 7.442499999999999716e+01 4.504999999999999716e+01
