2.237297297297297405e+02 5.882432432432432279e+01 1.024324324324324387e+01
5.528184713375796377e+01 3.882324840764331242e+01 3.545541401273885640e+01
1.265386740331491779e+02 9.427348066298343099e+01 6.963259668508287348e+01
2.358974358974358920e-01 8.673333333333333428e+01 1.624820512820512874e+02
1.387924528301886653e+02 1.028301886792452819e+02 1.029245283018867951e+01
3.590752351097178519e+01 2.447962382445141216e+01 2.340125391849529635e+01
4.787735849056603854e+01 6.249056603773584584e+01 8.287735849056603854e+01
4.851301115241635764e-01 8.134386617100371097e+01 1.527955390334572598e+02
1.256636771300448459e+02 8.493721973094170608e+01 4.386547085201793550e+01
1.658067632850241466e+02 1.357053140096618336e+02 1.069758454106280254e+02
1.037220843672456594e+00 7.899255583126550562e+01 1.317866004962779130e+02
2.398518518518518476e+02 2.219259259259259238e+02 1.632222222222222285e+02
1.411111111111111143e+02 6.112962962962962621e+01 1.050000000000000000e+01
1.202909836065573757e+02 1.014713114754098342e+02 9.058606557377049739e+01
2.384105960264900625e-01 8.766887417218542566e+01 1.667483443708609343e+02
2.067376830892143857e+01 1.076298268974700356e+01 7.621837549933421663e+00
1.017185430463576097e+02 8.519536423841059047e+01 8.067218543046357127e+01
1.970703125000000000e+02 1.664609375000000000e+02 1.309531250000000000e+02
3.750000000000000000e-01 9.177232142857143060e+01 1.758660714285714164e+02
4.306358381502889965e-01 7.847398843930635337e+01 1.462861271676300703e+02
4.317391304347825809e+01 3.150966183574879054e+01 3.525120772946859660e+01
5.933613445378151141e+01 4.659383753501400349e+01 5.140056022408963798e+01
1.082352941176470580e+02 6.707983193277310363e+01 3.536134453781512832e+01
1.474349442379182129e+01 4.805452292441139583e+00 3.479553903345725008e+00
7.615686274509803866e+01 5.740849673202614412e+01 5.234150326797385588e+01
1.667441860465116221e+01 8.886627906976743319e+00 1.668604651162790731e+01
1.530964467005076131e+02 1.005431472081218232e+02 5.024873096446700771e+01
2.497153846153846075e+02 2.233000000000000114e+02 1.176923076923077005e+01
2.353092783505154557e+02 1.841443298969072089e+02 6.687628865979381487e+01
5.113513513513513686e+01 7.127027027027027373e+01 1.348648648648648596e+01
6.950342465753425358e+01 4.761472602739726057e+01 3.866095890410959157e+01
8.681034482758620641e+01 6.862561576354680426e+01 6.756403940886698933e+01
1.075990888382687984e+02 7.828473804100227085e+01 6.147380410022778818e+01
1.521126760563380254e+00 7.070422535211267245e+01 1.217464788732394396e+02
1.498257839721254259e-01 8.485365853658537105e+01 1.650487804878048905e+02
5.482413793103448540e+01 2.638620689655172313e+01 5.993103448275862277e+00
6.497415506958250830e+01 3.858449304174950356e+01 2.448906560636183016e+01
4.938650306748466057e-01 8.357668711656441474e+01 1.572116564417177926e+02
2.708746736292428281e+01 1.685248041775457040e+01 1.577154046997389081e+01
9.608540925266903510e-02 9.020640569395017394e+01 1.717046263345195598e+02
2.566049382716049365e+01 1.989506172839506348e+01 3.614814814814814525e+01
4.210106382978723616e+01 7.893085106382979177e+01 1.092553191489361666e+02
3.942857142857143060e+01 2.118775510204081769e+01 1.278979591836734642e+01
9.243091334894613453e+01 6.565339578454332070e+01 5.017096018735362861e+01
7.806944444444444287e+01 3.686574074074074048e+01 7.027777777777777679e+00
1.855395683453237439e+02 1.042230215827338071e+02 1.038848920863309289e+01
1.889000000000000057e+02 1.469214285714285779e+02 8.522857142857142776e+01
1.013312101910828034e+02 4.792993630573248254e+01 6.579617834394904108e+00
4.945238095238094900e+01 2.945089285714285765e+01 2.273363095238095255e+01
1.817247191011235827e+02 1.228314606741572987e+02 5.746067415730337302e+01
1.502993630573248538e+02 1.128566878980891772e+02 7.763375796178344501e+01
3.299462365591397628e+01 1.242204301075268802e+01 3.817204301075268980e+00
4.411764705882353255e+00 6.490000000000000568e+01 1.052529411764705856e+02
1.403125000000000000e+02 1.174663461538461604e+02 1.015673076923076934e+02
2.018828828828828819e+02 1.547477477477477521e+02 2.321621621621621756e+01
2.468755980861243984e+02 1.822727272727272805e+02 8.947368421052631859e+00
5.168918918918918859e-01 8.312500000000000000e+01 1.607905405405405475e+02
6.533333333333332860e+01 2.054444444444444571e+02 3.422222222222222143e+01
8.638805970149253710e+01 5.319900497512438164e+01 3.239054726368159010e+01
2.395547445255474486e+02 1.344963503649634902e+02 1.165693430656934382e+01
4.858490566037735880e-01 7.186320754716980730e+01 1.396108490566037688e+02
8.212560386473430341e-02 8.925603864734299009e+01 1.690483091787439491e+02
3.805309734513274145e-01 8.638053097345132869e+01 1.693539823008849510e+02
5.693478260869564878e+00 1.784782608695652195e+00 1.669565217391304257e+00
