1.969305555555555429e+02 2.190972222222222285e+02 2.540694444444444571e+02
1.922765957446808613e+02 1.853191489361702224e+02 1.729148936170212778e+02
4.993888888888888999e+01 4.787222222222222001e+01 3.291111111111111143e+01
1.686382978723404165e+02 1.691063829787234170e+02 1.685531914893616943e+02
6.232335329341317021e+01 5.645508982035928369e+01 2.847305389221556737e+01
2.310757575757575637e+02 8.584848484848484418e+01 8.381818181818181301e+01
1.311838235294117680e+02 1.209779411764705941e+02 7.311029411764705799e+01
1.548750000000000000e+02 3.046875000000000000e+01 3.890625000000000000e+01
2.010000000000000000e+02 2.202344497607655569e+02 2.488851674641148293e+02
9.571794871794871540e+01 9.190384615384616041e+01 8.098076923076922640e+01
1.914634146341463463e+02 2.169756097560975547e+02 2.478097560975609781e+02
2.844262295081967196e+01 2.664754098360655732e+01 1.437704918032786949e+01
1.828928571428571388e+02 1.881785714285714164e+02 1.974285714285714164e+02
1.835260115606936324e+02 1.629132947976878540e+02 1.299421965317919216e+02
1.059083969465648920e+02 9.619083969465648920e+01 5.141984732824427340e+01
2.065918367346938851e+02 2.038775510204081627e+02 1.946938775510204209e+02
1.969897959183673493e+02 2.226122448979591866e+02 2.524693877551020478e+02
2.038918918918919019e+02 2.227567567567567437e+02 2.530878378378378386e+02
1.760714285714285836e+02 2.072738095238095184e+02 2.425000000000000000e+02
2.251428571428571388e+02 1.950000000000000000e+02 2.348571428571428612e+02
4.823762376237623783e+01 3.996039603960396391e+01 1.868316831683168289e+01
9.775177304964539360e+01 8.924113475177304622e+01 6.307801418439716201e+01
1.826276595744680833e+02 2.115638297872340559e+02 2.485212765957446948e+02
2.175744680851063890e+02 2.236808510638297776e+02 2.384361702127659441e+02
6.960199004975123671e+01 6.448258706467662194e+01 4.023880597014925087e+01
2.149000000000000057e+02 1.949444444444444571e+02 1.636888888888888971e+02
2.124489795918367463e+02 2.139591836734693970e+02 2.120204081632653015e+02
1.535529411764705969e+02 1.412470588235294144e+02 8.834117647058823763e+01
1.415789473684210407e+02 8.736842105263157521e+01 6.789473684210526017e+01
2.101092896174863256e+02 2.255409836065573757e+02 2.499071038251366019e+02
2.261011235955056122e+02 2.258539325842696712e+02 2.325617977528089853e+02
1.248828125000000000e+02 1.196875000000000000e+02 1.058125000000000000e+02
1.916706586826347234e+02 2.175209580838323404e+02 2.530598802395209646e+02
6.966666666666667140e+01 6.752991452991453514e+01 5.828205128205128460e+01
1.608953488372092977e+02 1.550813953488372192e+02 1.406279069767441854e+02
3.333333333333333570e+01 3.332000000000000028e+01 2.235333333333333172e+01
4.019867549668874318e+01 3.945033112582781598e+01 3.082119205298013398e+01
1.472957746478873275e+02 1.345211267605633907e+02 1.068591549295774712e+02
2.056470588235294201e+02 2.214325259515570963e+02 2.469204152249134836e+02
9.122012578616352130e+01 8.562893081761006897e+01 4.828301886792452535e+01
8.091946308724831738e+01 7.246979865771811546e+01 4.930201342281878851e+01
2.096257309941520361e+02 2.232865497076023473e+02 2.428070175438596436e+02
5.657051282051281760e+01 5.616666666666666430e+01 4.296153846153845990e+01
1.858699186991869965e+02 2.149268292682926926e+02 2.533577235772357596e+02
1.395568181818181870e+02 1.367272727272727195e+02 1.250681818181818130e+02
1.937837837837837895e+01 1.958108108108108070e+01 9.689189189189189477e+00
1.195362318840579690e+02 1.120652173913043441e+02 8.575362318840579690e+01
1.373175675675675791e+02 1.257972972972972912e+02 9.012162162162162815e+01
1.178648648648648702e+02 1.100743243243243228e+02 6.524324324324324209e+01
1.868490566037735903e+02 2.112169811320754604e+02 2.421132075471698215e+02
1.977279411764705799e+02 1.746911764705882320e+02 1.458308823529411882e+02
8.453535353535353636e+01 7.465656565656566102e+01 3.596969696969696884e+01
1.998814814814814724e+02 2.181592592592592723e+02 2.437703703703703582e+02
1.078235294117647101e+02 9.869852941176471006e+01 6.972794117647059409e+01
2.044867256637168111e+02 2.193716814159292028e+02 2.367610619469026574e+02
1.955312500000000000e+02 2.194508928571428612e+02 2.496428571428571388e+02
1.663398692810457646e+02 1.463725490196078454e+02 1.138888888888888857e+02
1.085808823529411740e+02 1.033750000000000000e+02 9.165441176470588402e+01
1.895666666666666629e+02 2.066666666666666572e+02 2.229666666666666686e+02
2.475000000000000000e+02 2.422187500000000000e+02 2.339375000000000000e+02
2.406617647058823479e+02 2.255294117647058840e+02 2.004117647058823479e+02
2.197500000000000000e+02 2.214411764705882320e+02 2.232352941176470722e+02
2.294795918367346985e+02 2.134795918367346985e+02 1.857755102040816269e+02
8.467195767195767075e+01 8.114814814814815236e+01 6.685185185185184764e+01
